20
14
9
5
19
26
0
22
25
27
7
16
28
12
11
4
1
8
21
20
6
17
29
3
10
18
15
23
2
24
13
50
13
864
154
586
241,281447725036
719
294
738
377
580
402
411,536685566202
477
107
529
790
358
124
747
920,80062408736
448
799
420
543
870
195
454
754
445,611545734392
269
717
28
478
253
346,163978975808
596
353
271
821,839445805102
491
383
976
794
717,080914828979
326
552
607
89,2712007114995
40
286
571
735
85
416
18
706
297
147
301
506
823
225
25
601
788
942
116
229
421
232
421
637
273
66
537
116
15
287
30
62
436
495
818
814
27
392
783
930
828
357
233
916
422
32
622,39316749917
886
305
123
863
399
282
534
441
847
406
620,821213537744
335
38
104
749
978
975
160
105
100
23
867
620
32
521
903
327
471
931
32
339
421
299
643
739
548
727
464
694
144
679
596
125
501
784
701
999
124
84
188
828
634
241
697
665
201
960
53
563
128
39
829
985
668
131
498
376
331
648
245
422
746
338
553
61
921
469
894
514
826
392
386
19
167,225258076668
457
133
214
450
421
25
439
40
444
84
440,057818325729
138
132
354
380
762
49
996
86
739
772
83
730,852718999075
188
810
54
491
679
672
15
816
294
235
907
996
515
580
947
39
567
618
25
658
8
503
825
691
302
293
359
398
562
547
418
140
831
203
415
762
401
626
190
371
868
587
52
242
673
144
26
690
153
19
178
884
653
270
621
556
590
631
56
353
10
98
92
852
352
339
846
129
237
564
448
501
267
109
968
765
342
27
304
252
382
185
518
631
319
609,152754417692
360
164
971
457
571
32
915
812
768
892
5
547,457481845961
415
233
39
285
603
960
655
62
320
850
45
428
787
376
705
395,434586007816
780
764
664
613
461
244
115
362
496
595
764
789
229,052441570001
929
216
144
844
413
362
236
640
711
788
413
48
43
918
351
745
192
153
608
369
848
164
739
311
858
790
55
732
531
545,69177633789
431
670
419
702
229
514
121
705
653
202
156
875
358
31
533
588,041503950041
108
200
787
586
418
962
967
313
652
258
9
78
549
250
600
970
336
706
988
225
989
958
807
346
748
251
429
903,192491373602
29
779
519
96
240
539
885
308
694,300005498016
475
906
196
575
589
4
909
154
642
269
184
873
445
447
737
112
73
706
860
703
615
262
35
270
228,133361092365
465
727
297
713
912
5
25
259,426524023258
264
318
18
564
46
922
537
659
925
76
2
832
838
872
541
719
351
71
77
572
34
517
152
452
767
49
12
802
865
532
777
809
635
598
490
406
826
579
958
773
243
459
54
586
26
808
80
463
523
262
968
46
8
716
822
254
807
840
406
49
82
55
787,638772930782
377
27
50
543
593
474
348
514
447
17
439
687
786
276
92
953
892
724
278
39
622
815
185
289,574952814064
442
818
456
162
886
630
217
778
245
72
360
313
390
887
180
734
303
435
162
623
378
785
500
986
279
786
10
868
884
172
301
193
117
345
22
393
223
761
95
826
999
720
217
432
186
28
901
760
657
910
777
644
146
612
438
464
182
50
359
448
541
789
870,287712351087
945
950
206
944
501
829
837
254
558
496,883054029142
984
327
576
769
104
318
42
11
537
119,886817926023
159
102
806
926
492
34
606
518
529
829
703
244
840
384,074780738482
451
94
583,89639732004
154
835
485
217
888
370
875
618
271
775
264
759
691
379
519
278,469865591484
259
112
887
17
386,412567297189
617
892
836
268,802267472633
391,874981360452
889
179
255
669
714
555
54
507
34
608
286
414
283
558
313,483511154299
260
234
527
481
212
761
353
666
395
34
834
715
255
843
972
199
938
292
59
243
54
710,362041385082
272
530
851
327
202
953
948
845
347
256
709
364
583
905
308
447
221
904
41
448
814
618
851
607
177
988
406
862
818
394
356
491
553
668
46
118
493
614
132
633
252
183
201
684
598
854
541
776
412
46
178
963
922
875
34
862
167
225
563
361
610
523
645
213
457
845
503
289
359
716
220
973
265
636
67
480
508
395
249
358
234
186
447
975
378
117
304
482
449
920
689
7
416
500
39
165
718
55
182
203
502
648
859
32
115
419
971
457
362
423
117

800
546
338
385
751
282
531
563
724
263
347
816
719
61
983
437
971
721
869
789
934
855
507
952
521
664
3
456
978
626

47
616
325
425
503
581
421
422
231
856
891
133
299
988
342
341
13
20
717
956
391
77
255
106
787
25
116
908
163
21

661
714
688
432
137
559
470
536
35
431
232
534
518
11
159
61
929
559
382
243
677
73
730
943
889
718
662
3
718
529

398
348
45
960
647
686
964
579
92
302
844
594
527
497
656
732
866
248
972
613
692
680
579
856
624
91
265
823
365
235

12
446
408
967
282
663
14
693
896
876
184
994
746
519
473
452
782
787
637
900
978
676
54
693
726
784
811
918
920
743

626
545
771
974
916
641
63
807
700
451
524
395
964
542
291
171
698
327
303
187
264
672
529
530
827
477
358
12
474
251

364
179
128
501
426
768
557
850
758
322
137
454
973
28
788
842
635
15
892
557
279
279
378
444
562
850
961
832
122
957

978
277
491
509
61
746
607
964
561
897
477
855
192
50
605
562
551
555
557
844
565
275
853
281
664
543
507
927
676
465

225
347
479
549
812
45
496
823
69
490
21
172
773
977
964
466
594
853
406
11
22
497
601
435
930
904
619
379
862
860

962
980
835
76
322
172
990
866
126
361
634
231
782
463
461
137
531
542
995
381
37
104
450
349
665
277
222
199
509
566

576
79
198
83
957
150
40
980
930
935
974
632
0
486
278
857
447
81
661
668
323
100
925
185
767
970
769
294
64
74

191
178
561
91
591
127
89
94
734
510
314
33
219
508
96
576
363
621
326
955
609
96
400
22
869
663
315
388
619
582

928
811
918
618
101
255
583
137
791
381
927
92
228
994
593
248
300
310
915
325
624
703
249
936
603
36
918
208
266
288

666
444
275
145
611
382
77
180
849
252
539
152
237
480
90
919
237
998
505
696
638
310
97
850
338
409
520
29
913
994

280
543
638
152
246
359
127
294
653
826
879
552
456
503
907
638
153
538
170
982
925
306
572
687
440
102
67
123
468
502

17
177
995
680
756
487
621
337
710
697
492
612
465
989
404
310
90
226
760
353
939
913
421
600
175
475
669
944
115
208

631
275
358
687
390
464
670
451
514
272
832
12
683
11
221
29
6
766
425
640
225
909
896
437
277
168
216
38
670
716

369
909
715
214
901
591
164
494
571
143
444
72
692
497
718
701
943
454
15
10
240
516
745
351
11
542
819
858
317
422

230
77
65
261
287
868
103
467
883
311
329
789
491
447
895
324
902
293
528
464
983
734
968
342
380
595
477
405
57
325

334
739
797
756
680
674
757
765
237
163
737
933
139
29
849
811
712
222
935
954
827
115
544
938
950
301
514
867
74
144

72
373
154
283
190
801
251
808
294
34
350
992
148
514
346
482
650
911
525
324
842
722
393
852
685
674
117
688
721
850

809
6
511
811
700
928
746
852
352
905
962
51
157
0
843
154
587
599
114
695
856
329
242
766
420
47
719
508
369
555

547
640
868
338
210
55
240
895
409
776
574
110
166
486
340
825
524
288
703
65
871
936
91
680
154
420
322
329
16
261

284
273
224
865
720
183
734
938
467
647
187
170
174
972
837
497
461
977
293
435
886
543
939
594
889
794
925
149
664
967

