330
27
15
21
10
7
13
6
2
28
25
20
0
12
23
26
24
22
16
8
5
19
18
14
4
11
9
17
29
1
3
330
37
924
791
27
526
587
205
130
845
879
939
61
193
418
722
862
367
35
614
982
242
199
278
584
215
487
875
811
68
816
912
192
507
570
202
365
242
938
952
482
21
297
231
728
131
970
508
116
461
571
962
724
416
522
673
700
646
207
811
38
711
394
62
29
967
746
553
623
216
357
620
428
82
131
960
944
967
550
453
244
979
759
350
497
854
188
776
985
896
501
718
34
126
913
771
627
235
202
760
384
417
885
900
103
950
533
641
284
562
729
732
96
754
567
59
951
43
565
175
779
970
568
727
714
638
585
302
169
360
333
709
765
789
68
827
94
859
246
546
320
546
491
423
166
768
622
280
559
853
819
583
670
27
981
413
848
158
185
465
364
231
471
924
228
20
967
306
685
739
965
92
797
18
854
232
478
145
560
946
15
304
742
315
540
749
38
738
808
654
978
935
674
781
181
89
74
567
194
146
801
316
595
819
888
727
785
651
172
748
935
703
597
239
449
60
488
156
384
478
981
228
498
30
760
29
417
16
837
764
157
911
950
413
144
699
709
922
427
813
964
387
565
59
719
275
337
435
331
121
601
918
183
715
165
572
817
565
58
858
309
769
813
408
590
23
752
184
94
749
350
565
728
571
514
593
663
438
310
485
691
982
684
716
163
239
728
235
247
572
882
143
863
569
503
194
573
157
468
695
522
153
341
582
770
35
190
611
200
571
909
378
255
573
166
326
85
97
245
351
295
517
936
521
867
207
701
159
67
320
20
505
970
614
963
538
641
102
945
127
48
116
34
676
663
503
888
290
402
176
109
476
912
117
400
5
216
819
714
563
334
31
544
880
551
403
408
640
610
628
685
983
151
117
302
179
482
260
857
364
318
410
756
891
210
544
593
852
214
957
321
821
387
382
793
17
572
153
124
260
94
248
680
774
491
126
324
794
814
220
523
956
961
350
244
923
274
653
669
7
810
555
425
652
306
863
595
768
324
284
606
329
135
597
270
70
730
981
399
84
219
798
38
993
434
365
859
37
138
869
743
919
483
117
449
538
822
27
468
627
530
555
470
529
613
194
820
364
80
173
192
293
253
585
787
11
517
431
218
940
3
558
630
454
541
687
845
18
147
731
247
702
513
771
554
663
328
509
380
240
545
495
957
965
677
449
665
898
329
438
21
391
809
527
624
972
925
15
987
926
348
801
216
348
925
489
780
481
31
124
683
8
51
978
395
508
601
665
777
91
21
947
689
709
710
856
893
985
147
582
737
312
521
454
891
743
278
608
39
187
669
184
867
205
754
12
339
830
131
116
370
260
237
896
904
401
112
507
637
68
596
794
333
449
386
370
487
597
86
652
229
992
625
590
421
837
79
483
954
698
517
62
853
31
211
477
74
625
549
489
631
771
971
970
590
875
850
418
819
384
525
742
743
479
886
378
635
647
474
67
321
628
552
939
551
533
941
301
237
908
295
862
47
596
21
457
20
655
999
546
986
661
664
570
172
774
319
373
144
832
842
427
150
482
168
2
219
31
418
57
934
549
180
910
89
663
694
146
458
429
357
979
648
927
80
660
963
982
766
776
214
567
157
405
66
868
711
565
428
18
238
988
236
941
612
437
481
754
480
509
80
172
914
715
474
862
779
223
401
507
38
236
264
642
843
366
391
774
843
221
952
129
717
440
191
368
743
706
315
643
178
209
501
257
696
41
652
441
931
204
89
488
163
921
979
2
724
593
98
246
45
706
910
259
556
950
454
474
524
105
118
72
908
757
328
829
734
7
945
801
713
949
843
638
132
464
965
796
460
188
644
149
607
68
598
472
298
242
700
745
587
177
917
825
86
16
580
405
592
150
267
716
648
297
532
95
862
272
127
92
984
657
14
335
460
968
464
839
159
856
530
492
306
199
213
535
32
18
552
115
883
559
204
309
921
928
501
310
536
503
609
26
114
607
760
930
163
582
365
118
551
741
246
735
620
775
410
448
83
996
63
844
720
12
209
424
452
705
414
532
466
154
302
655
246
504
377
698
438
283
372
449
653
433
563
142
313
469
688
145
517
53
227
539
440
765
306
102
398
336
477
457
168
832
651
397
438
591
489
116
397
711
9
799
623
613
191
286
448
66
111
983
16
268
14
413
927
762
215
480
197
275
299
102
806
914
281
820
782
166
704
722
979
572
748
805
44
427
915
826
574
19
654
332
224
493
441
900
817
238
470
675
375
8
918
121
412
906
993
709
331
370
504
281
361
389
3
443
519
209
369
499
846
388
906
178
621
967
878
312
473
381
2
544
695
28
346
971
654
626
393
137
433
206
495
203
515
372
970
834
489
997
380
608
868
970
828
986
102
740
500
444
27
680
236
950
368
959
585
333
43
32
789
892
815
231
65
640
893
702
662
248
996
44
822
475
0
393
675
725
199
359
869
913
126
948
109
753
970
544
835
555
786
637
791
457
208
487
793
637
904
188
93
399
77
251
447
983
857
760
949
974
284
860
133
683
162
875
766
866
121
312
669
348
867
106
461
359
252
365
267
512
600
37
820
10
265
469
836
874
501
126
895
209
595
860
271
926
503
107
294
332
721
926
515
592
519
744
532
970
790
88
731
492
493
436
374
246
40
122
417
692
39
891
365
995
417
460
753
6
835
535
856
144
70
934
790
673
522
228
491
521
937
865
84
412
395
402
715
158
485
24
886
380
690
601
293
830
561
520
174
59
991
525
135
254
231
586
421
559
645
701
724
811
631
896
755
174
806
952
600
15
744
595
520
810
649
475
454
469
641
960
111
1
53
432
529
411
729
830
181
809
980
155
512
784
299
74
749
793
846
119
24
608
920
159
314
396
5
324
605
756
131
952
918
685
590
723
758
199
366
343
444
976
771
790
34
588
82
736
511
574
726
661
622
522
935
502
81
894
117
133
406
405
224
424
677
27
237
826
194
576
316
550
426
502
674
48
837
129
124
725
313
269
813
30
30
469
330
395
750
87
641
863
81
233
937
38
751
346
112
6
350
255
541
934
258
175
234
119
847
887
665
951
769
391
819
137
591
193
394
208
697
842
76
107
934
452
469
193
565
635
296
490
16
117
375
57
727
879
771
854
235
210
548
862
421
690
93
689
413
799
447
558
952
904
309
508
179
434
999
806
706
41
554
211
590
175
934
652
16
761
410
712
421
539
973
487
293
213
685
244
358
779
779
765
188
738
537
112
808
866
878
292
880
965
148
193
655
336
271
246
756
441
672
651
389
734
136
413
931
822
214
965
749
754
447
926
261
788
23
852
637
822
843
150
883
117
832
456
391
779
831
957
941
438
488
917
107
127
376
453
601
124
180
986
651
913
542
125
517
221
932
867
312
419
609
933
597
522
768
272
902
680
22
152
990
257
23
310
266
530
819
133
412
569
250
513
641
857
498
970
