150
0
18
14
28
27
12
10
11
7
15
4
3
26
2
24
16
29
20
8
5
19
23
6
22
21
1
25
9
13
17
150
41
1805813,9602003
-2075,08290760749
627,535191321218
896,839853635291
3994,61422417684
60,3399487143711
-761,661809852362
5417,69202777534
77,5966659904391
-3959,3220415484
10923,7887885101
9707,59092558851
25758,249961619
-19426,9898536865
77448,5190943824
4413,4778014364
509,792169614943
-1509669,60321647
233199,928581648
-122,48801615206
179,770362666163
-1432,53197589729
-911,048534515758
-600,762455726502
582,085989385429
-2617,48070909565
734,16121022446
39807,1576401264
52602,2847634974
185,103586028674
1192375,07757499
-1366,63676340133
653,516348263273
-1331,79969136305
2536,61058222395
377,279805452367
38,7499031880662
8956,05083299076
-306,535743621701
-4403,08631357811
-12418,812275351
8242,89494574474
1849,96906286242
-5192,35666898771
51246,3711913154
117,809489058498
-109,881085992065
-17349,9253024816
259188,465413516
-237,260385781417
1479,38413370775
507,244343604022
626,48369170061
833,772579671454
20,8120934191367
-10537,0567158117
647,507511860162
-241135,279449565
46443,8104405272
-543,976547595736
964070,96833254
-1528,40449447199
619,074421116226
3349,14489977925
4877,47188369853
540,367038523291
10038,8794146358
6488,84889471858
-144,004769138887
3148,12277248023
-11115,2061333496
18924,1147192078
4116,61694738239
-4788,54935799966
103788,111659922
-104,305289409042
-333,662782372126
-47877,8305089584
207530,379502045
-202,309812073307
1276,70024976804
411,156359259155
173,480333367248
5128,4116925288
92,5170563841047
-2670,6475335545
1098,19799434261
49959,3589333621
22532,6488372483
-931,955066114771
1318378,36547669
-1271,08150606367
780,42100576113
-1932,1186836655
-2416,6068014712
555,921468596902
768,273594563755
2759,97353199675
-177,328293108498
-4102,87840085957
-18703,4017018757
9532,94722488164
12751,6950517071
-7887,82270841464
-52792,7607838003
-306,786884693382
-1119,29198771163
-16673,488073481
301535,670496962
-692,011158984076
2248,33948957924
757,814748906926
307,715446465868
782,522941941624
-13,5384990682786
-7420,98275452245
1273,36263534493
134065,70381522
-118786,927811674
-298,259873491232
-1119031,62879102
-1203,25944015435
1610,72441521563
-2020,25489101795
1336,12290788608
121,774806484676
40,1256514466018
7063,08182375606
-483,518758998807
-18073,9921394227
-9630,24797193155
17607,8585311505
-817,179784818035
-9072,41065951633
27326,7299652141
4364,20842344693
-938,559744743219
-33040,7513262495
137835,123491793
21,1945848581649
1144,93182897276
1027,62112556148
160,954360031869
-347,426390649866
349,315035027237
-6997,58355679194
693,677133817981
-12292,8730810007
48628,3887176031
-194,825987006502
638879,958838462
-5342,44908628062
844,878179237817
4179,82068916299
-19,2170477374563
656,127789149502
-334,845999046378
10134,4423431923
-1297,02512867709
-1984,90860117203
-14211,5394843845
18876,0943725837
4387,97741413606
-4176,58525715867
-9965,10896279098
-7420,93149883411
-405,914619791351
163908,018444973
491329,379642271
113,553060682343
2434,75270556451
-1128,03758792042
220,011089466077
32,9444110943491
1,57197940955993
129,225003394292
769,499679090885
70174,4870137575
270872,242569332
-237,616036972793
3462657,15535619
-1504,02250854754
828,37770787779
1594,13215969193
1413,86363782289
109,049337046667
-546,071601783176
6799,64588595558
1416,96684233946
-5824,63399807741
-12594,454379969
5432,26203722049
-245,36265960582
-7643,01840454507
81694,062145806
-1578,69897129465
-560,255132688054
100800,573119152
123290,432610492
-189,965362108751
1141,42159295741
819,01035984118
-658,861363201841
-1066,05451439334
-274,636337346842
-5515,25172723946
647,370889221743
34729,2673340763
81234,5093288051
-316,042888606361
1708267,51875226
-536,602638635511
1097,70976086667
11019,5232286249
2656,09869892366
287,154146279369
-417,703694104782
3881,92578541303
307,808936680441
-4204,35464092686
3816,60335163807
16134,9047100762
5227,59234807365
-6426,37617345162
87988,0673776622
958,040096230326
-248,314581232965
-11360,2560194946
225610,803994275
-403,272747715769
983,16111141945
689,714720476394
-39,8222337515535
3047,01231450351
-2,74568182471163
-5586,23142157509
487,279949606581
73189,1017591615
120369,640505813
-1524,50058860093
2307412,46555889
-1828,26676465829
314,035996953905
8426,07660108474
2295,40885331988
204,415196906205
-682,56527796793
7298,34954952192
590,214519318895
-3068,68155909294
-10695,585373412
9311,92962862003
-3316,54275499176
-6083,92502736984
181045,19500988
74,4146198293887
-412,083120830459
-20246,5387417015
206765,56774389
-206,289422066365
946,763360731637
-11,5971054950211
58,9139726621188
10374,7373721803
22,1610849306141
-8683,64373830034
1266,28551416713
59838,0212803124
36592,4526596424
-1133,97550057878
2411946,58847791
-1402,00834806144
569,802591192463
-1413,70179720773
4084,28333546492
19,8165726263056
-335,86033666991
7771,98084600789
-512,36295061173
-2238,29319444891
-34583,2724678016
310,437881618616
3213,79745232871
-1576,48565407752
128103,386406988
422,612126258155
-856,893941176408
-13867,5242413543
181346,933296908
-489,572796151428
706,507999386135
2181,19489894452
-4,1788064766407
904,846485882411
-564,65739099917
-5739,94827614404
1271,9473061739
38049,2014016811
74792,5107793907
-112,619915741619
2779644,21435915
-206,467886370298
492,156979253639
5128,38203012916
-805,681815256145
362,188143437817
34103,9417161206
3474,86339260358
-4587,85561242771
10065,4728581538
-16394,4649932842
11815,9227348847
2869,49682508882
-7794,54234840417
136093,195855937
2033,08173859013
-931,608951242934
-90565,0353901113
249996,690522123
-341,561380700949
1822,3592940904
2099,04363054229
276,509636635573
1155,26534115297
-591,992862850146
-5758,4500331256
621,644235291002
120264,690235239
24603,6381919259
94,8436103997524
10024703,9380544
-905,443745084645
182,811532363283
21538,3695259215
5167,41115589407
389,16156300687
-1949,2925845003
7707,87522564015
752,051712581247
-1080,38814389449
-62425,9267995359
8996,07375437984
9424,27967890732
-8270,60028616399
4041,36929616165
-16696,0783320871
-198,616995466695
830,186517496145
161619,0612103
-411,729362268716
1139,01435562333
-204,588761872875
246,309337014367
2872,85568686034
-163,309295090537
-12014,8562821975
1589,09628231208
5225,08388737427
57204,5892400093
-420,358672111244
2308314,82679204
-1091,12690286412
680,505987409824
5078,46402691883
1000,31928080397
168,017096177276
-8984,71067358451
3454,87751446513
-460,875790509244
399,808830799891
-24403,1498780095
8379,23252613284
647,399243101613
-5627,02040760174
18925,2636653934
34,7601889487742
-637,577731148578
-114684,893811518
163599,622098228
-454,977077386963
1270,00399350287
2625,73447791354
460,417035818262
5676,87026067628
32,5273012167561
-4913,62327000963
741,421992890284
56910,6861853481
248339,54878027
222,610130251806
976964,015812741
-3430,09162898988
699,295271681516
7025,20035408126
5147,94850868523
137,352926357499
-844,137503109855
5443,83375654161
-340,289059625167
-9158,17654259404
-5045,25414049112
10904,5419156374
5645,31458963842
-2851,55820369849
78643,1452364101
-484,709555089926
-658,214022884969
-5266,27386705081
293093,616199788
-123,627572034239
6337,43063950605
1577,59365314631
-192,901439461486
4937,21099263981
147,535812095711
-309,319872230699
670,581708457152
-178014,774959119
33376,6583893148
-428,846477215902
1410776,80371185
-492,846314128073
1116,01273452526
2113,28581581819
-1083,40815764151
247,750326872493
-775,391832246256
4244,98632270726
2373,99116632497
-4703,39179537556
-8553,7006060503
11869,2468164605
8795,38861139855
-4594,93805351117
9751,78051696697
2667,54157412888
124,127669325032
-26150,6842918588
135869,379326392
108,25250246612
720,337965627533
777,616528279775
307,369928798603
152,347436121878
-268,958330395209
-8092,27836129774
-491,60036986042
690,110177528559
-38450,9589289507
-313,486867498686
4424984,33278535
-1158,83982846536
666,480957277338
-11202,0165694678
793,17790115408
501,723654085229
-786,192287604433
14236,0621676992
319,355010998563
-8784,08218318403
-13069,188960639
11677,533522963
3451,89016896745
1338,80936629418
37537,5737125047
4463,57423575346
-151,925747308078
-91981,5832447747
167905,449901544
-64,7958658329599
42,1448116030163
-97,1485892934584
130,661605736717
-1611,13846447775
84,4930047688573
-3996,37271850577
2004,74399018422
-53913,1079414762
80877,8073270482
577,963861879748
2247434,24936921
-2400,26134252564
3,28557604586638
1746,21187052529
1876,36230121724
299,72278083243
19487,7442399873
6100,57237835751
-1110,57301479888
-4349,27368730702
-2170,53609162014
10418,1355898443
6082,52791730587
-6730,01632668143
28856,1828703581
626,198031124177
-901,66727143025
-15845,3440498658
173476,622710234
-527,045456431669
2326,68523131344
904,856627337563
22,5525683558151
-8343,59526578318
48,7439150816403
-7863,48792306284
-158,580155766877
47567,7052427223
-174101,416480076
-107,943281994839
2151175,58661632
-832,934449677103
687,098833049973
9300,65987348495
3849,42215572571
599,587995766803
-2263,51615864984
6513,98426693723
783,49466295506
-4247,09097749321
-11150,7321563478
10744,849261112
2127,78755221592
-3853,03948736286
26324,619420683
510,456841533881
-934,749261927924
76736,5634388494
359054,995629122
-1281,98510723171
2563,77903523672
910,340193685773
273,159880050348
1004,32654401169
20,5934790850505
-6170,14620160886
355,511873040338
-266859,234424143
-355867,316459962
-748,953050083278
37107729,185788
168,144096388673
177,077415510673
7631,10140371477
4695,3113986552
592,191175684644
-3734,05889346847
6839,6500630093
-495,176053355054
-537,696947496408
6564,60887848396
9843,48297911168
7138,27716462988
-4279,30617148846
90907,096969968
1249,63968035419
-104,152694007001
-19712,8492900341
145350,607753763
-458,872804513993
1261,81300153743
1404,89604668298
150,958438833679
-4484,16348177439
33,3182503676241
-5071,67854567843
1257,09586722434
46215,7531728783
28104,1053442889
220,679162589238
2871182,87642131
-3347,1612558716
635,268088624955
13948,4372896351
1828,88409191987
170,593416954809
-1064,26828296643
4775,70278115145
-312,089770738075
-8719,2651310848
-8941,7105972073
-495,639878678529
925,522034671895
-3761,4710197988
122832,415960248
1100,81797160399
-957,257163834192
83282,0987802592
98243,5542020448
-299,241743579702
5713,25942028817
1199,94676262729
-22,5169181826363
-4532,506961369
-524,424927180187
1834,48723013075
1081,77998007615
51749,2698699114
17896,6997591637
-373,894969558311
2424063,11378698
-139,509720058177
524,243748325711
-980,285348976481
-2484,5881324832
317,834523560105
-1212,18181098733
-2111,04752721475
332,773606082781
-32793,2848082767
-3823,95043887012
6309,05305888061
6765,96690068856
-1772,86937204455
-11674,5283218767
-2665,58228141297
-498,665039986141
-37324,1606641969
-353317,282141596
133,095448830062
2258,50528874453
-2462,10869233422
-321,142975172579
6964,19069885664
40,6163050457293
-7733,6992228403
750,191361782668
273181,91870579
69855,8499642663
570,842427779633
18402001,5311169
-1118,67621986708
1173,16888335031
6787,75703967582
1115,30014974746
292,375348327734
-864,591517690699
9854,84785115157
-138,998625656345
-13200,9235954738
-7679,52143731762
4648,54221065476
2179,75310299031
-3930,53796754702
90780,9912470263
-92,9259299001231
-588,706635016399
-9485,36241906258
323566,978633075
-299,676813157308
1127,63241563559
1606,75741830143
312,685723220838
466,555072579571
688,171570722215
-378,454807977052
373,749900152783
13116,9840359239
431903,642787929
-869,806762555027
1038552,85335161
349,522697644741
1093,52306301419
23618,8136106097
2414,69636156784
70,970777032226
-1166,18256903608
8814,70182331225
-96,8153087585488
-3900,9310338641
-3846,8707250142
8886,36659787437
-705,455393531795
-2665,65127249682
-3560,63511362339
389,292790180041
-494,127773701141
-52157,5273290747
414680,052876103
-350,552234030157
796,533982116884
2303,98195278034
258,549481470279
375,919401649171
145,976782902257
-5984,69222231784
350,556556694179
29252,8609821523
21605,6335925172
-580,021694442263
152766,957520682
-2935,25600362029
658,890716870988
21946,0862511271
2075,12510817571
459,34998526522
709,633901013302
495,064512524818
-177,693093875618
-5171,83575116682
9940,84112162855
9377,79211362814
3336,9940145562
-6208,1432258044
-5380,70453422862
48,9163320577517
-1238,9287774633
-16133,9913124637
128454,856900181
-333,992023479677
1248,30123790596
2447,03828170519
337,500638240028
7653,14384073748
108,349329751321
-8544,02738481344
1206,09601751873
91988,6240972068
22522,5372789256
-26,3385626699052
649081,488885878
-1576,38774964536
728,175957181141
10351,3783108193
623,04568837915
-125,552148846858
-1225,74856547982
5610,08434725804
34,6730653498361
-333,515771660004
-11326,541973784
16149,6506090768
2323,18954490614
-6723,65679235122
46081,8742850023
134,468682413078
-625,800533960986
-27860,1652467943
196412,763228338
-448,78642605425
2182,68985815371
1323,29152114768
20,3062657900447
742,015901925743
10,9770034676781
-7726,79298390106
1019,23081899275
139154,850800269
5802,18326513099
206,262070140127
1887736,21984653
-2638,18037879754
406,058009065644
-2947,0306770802
2211,43919694172
479,340195609919
-771,242185798602
3533,15925581702
-1175,52810359667
-1266,60285279891
-16430,6229391068
11842,1376410917
3283,45955733927
-5682,60236880433
60053,2689416998
38,7744932707922
-688,800201114215
-85129,0170493672
253950,50990634
-239,54759415207
1335,79336481444
693,726650330428
122,719136898275
657,064592372065
58,5053288219183
-12028,8835571219
859,190761293839
-300479,365693193
17471,7272214349
-319,178824734892
19036,8392974461
-1558,36767669997
1483,14449061425
-4787,86398467921
2671,78280005375
269,09046525309
9955,99752042745
7632,52421409456
226,772401602988
-3038,47596595059
-14309,3969916268
1685,94254408554
7537,46031295034
-3825,8097116238
91151,7741493195
-800,244264469245
-281,265645496563
-16847,1123722026
246878,144519705
-419,222833445485
2252,20546113615
1171,94813151581
-16,3422497092062
141,609865198945
-29,3127927385218
-7092,01783585463
685,564827276266
191896,03765071
44211,8958837365
-442,553056140797
2083099,87524195
-1437,57777873094
165,783369134753
12134,7904628861
76,0966150705023
213,164678235779
-383,6671962662
4711,95603263984
-922,13310615286
-7131,05323996534
-404,780869235316
20783,5621437306
2868,05152857792
-8584,36811427932
42564,0782028488
63,1399179049192
-353,108965155063
-13982,4601947641
265897,559386459
-929,872508202197
-726,105532043444
1047,8507921257
312,050464154491
-456,605203368813
60,6453737783058
-4701,04129228096
976,522758837107
-151743,361231934
37648,4492164794
412,922564526833
5515501,45453053
-1108,75933129359
907,229987620361
3166,65504132278
-1672,75856260305
482,106406633383
-583,356870326831
7949,4623831882
284,598682862007
-495,953275606338
-13801,1218507889
9318,65568452753
-854,512998284675
-5657,08412722611
81099,9428660395
-2940,17732263171
-543,263809550608
-4479,13125050174
400297,122158611
-404,964633827909
3095,9996932061
483,256377866969
214,49195961734
1832,0324323072
67,9591510923436
-2252,43251668896
207,177917393146
32272,8144392813
18283,613928807
-107,047947470978
1229003,63216824
-1323,12189427821
983,933749441491
6391,09610371504
2141,88853485751
368,729844772391
-31251,8839117678
3561,9986230909
-111,111662513026
-7017,37102059753
-7209,88389859484
11910,3412766552
901,785972372309
-5835,84435819605
23987,6640208879
231,408194398029
-1002,5008211146
216961,612181531
208065,198782548
-817,884952288082
1225,94404973031
201,172107473797
559,189624370234
-686,631926995208
105,152470014248
-4367,15931864627
846,3630520955
124487,669687983
32515,9297820753
-601,809559560263
1590812,47144654
-1380,42784315308
854,992188831514
4605,00028017199
265,68871635591
148,320597132428
-1347,79528998784
8566,24356925643
1688,7906526005
-5437,11573940619
-4994,87628990307
19282,885537136
2711,22407433166
-4894,8776795054
-42673,6862282098
252,08307415535
-1271,30944480287
33101,0045795189
233192,752652016
-258,116329743655
267,943659294119
1148,72808848866
205,150856784349
1596,97380722653
49,5097323656099
-8085,8749589876
1106,96819174401
130759,056248646
68974,8255102903
-158,424163082865
1376846,78061285
-2492,37607613868
1079,27456464868
3015,87881627163
2784,4628853943
721,581214353695
-318,375585781103
4325,78432442498
-196,539198402164
-3185,15650721809
-10131,1513343585
7717,55693925123
-223,15127693694
-5341,31251510229
61600,2182399588
34,0606705134986
-602,487569045666
-51186,2782446243
428580,674632048
-565,11667363097
986,317670433983
864,739219386835
198,434330073669
-1431,80844894934
401,540346828118
-3303,68196794521
1040,57798545588
123574,278028104
15995,7512139246
-696,210082883786
1718742,15952192
-3905,39949888812
84,0282088617546
21380,3775192597
-13113,1084349836
242,205061993933
-818,161615893635
4086,01203931967
-625,211462218678
-5508,79744980419
2605,02195188822
7739,55179012964
976,912329113048
-4018,02798694199
49883,1575129852
1002,68494459401
393,081491443529
-16071,6569053652
254517,039753301
-187,409790789632
1844,72179932169
757,243687287638
380,22441156805
371,847201986149
44,4540142482261
-12639,3389234117
767,756446536751
151307,847494181
7253,74385662904
59,4725674500937
2101072,6865567
-2815,25408371826
564,398224970599
7099,19854996085
2489,39005264558
212,095123696065
61174,8791339088
4812,26449255224
-182,4346316783
-2902,04674380986
-13714,7536297706
15594,7923175115
3156,42791527915
-12924,7142237684
58918,7770224339
-781,79623783533
-683,403842735837
-17424,4747776686
-55801,5205637264
-355,60252080936
1458,73505381524
640,428520558258
206,784623968556
1019,47280927994
-122,080442236704
-6690,98654926194
1225,86498303737
40481,4994896312
27189,2545156476
27,2209649669792
1907656,44659567
-942,852116929957
714,164379508901
13623,0210793826
1616,85654973473
137,457373343428
-507,20630766915
10268,0684789535
900,477889286994
-6003,88494936051
-16614,7692047706
7248,87055927284
5637,81715196001
-3761,23563160616
82761,0181748151
77,6586523135562
-262,760448415785
-32445,4620168949
239860,230871106
-1130,6821236369
2017,46671503828
-686,366337921969
267,240529720829
1509,17010808533
-358,48229851815
-6079,14845061374
815,581297649942
165035,652302464
815,923662937947
1180,83968554234
4731844,55249373
-1453,8410779648
828,137643446105
1695,16184332491
-1053,33768918178
333,217998543404
-12437,2008529085
6402,05030219759
2043,51925302445
-1644,46123369049
-9668,13972210402
11086,5952981737
1973,78808552908
-16067,4181672674
66305,077545928
4964,86367994249
-1032,35578839849
-7253,77857440245
-15622,5244959666
-464,670744135697
3244,95969083842
382,999686632721
126,360908108295
-1749,23683372207
-47,998148341612
-1394,54974568349
786,708877570171
-369502,808530875
56115,0412465347
-537,760719862355
2827845,31988988
-1531,61617986985
473,625886637031
21526,0059103806
4198,95659808023
182,918191284883
28,9688246863968
9679,63805290261
4706,90698129081
-1340,46118204523
-8533,42451962963
7897,29968385282
2877,89281273035
-8482,62314526034
103651,555555041
45,6875486512232
-1113,72353680099
-36336,6286359098
194710,800198933
-205,618931423235
1108,52859260184
619,905129539607
202,466751333686
2511,31581513023
340,192699158317
-4713,59855481402
595,40161584295
-18140,5876396267
42352,0094635505
-517,677488953174
3212911,09235369
-466,569886760856
1073,71815673157
5468,31055365834
2610,58221659886
487,514817310178
-474,347812093652
4890,33563450169
-1183,30743591167
-4245,73465763437
-13872,8283635601
10662,5743361046
1444,06182603701
-4359,25976469716
55300,4189675978
2127,24042502762
-1070,83902187112
4409,32031095483
173505,012504094
-426,688551276688
1793,36715739092
-2562,24206479305
276,608284351719
232,210359376848
2,19562347882787
-5415,99339442428
770,627035141193
-77552,1291008202
7724,42868220555
-67,8258008564214
142565,120290527
-1056,61595541502
938,890893480332
3520,1530254325
1158,12619199338
387,964785465087
-1407,91191133649
6679,06069023889
-268,822871951904
-1353,90801451146
-9182,64852709809
176,723079916674
3607,71960250998
-6614,99004620697
110822,840518978
213,816814919225
-643,590013446239
-10231,2956845015
267672,558109373
-282,661380202227
2234,77217381534
1243,68682688267
123,722518133897
2606,64087910106
73,0735355492073
-2941,90199786637
884,328829305664
-311980,409810114
35302,9982986626
-834,554728930869
-606513,808647504
-3024,6079303458
1112,1717531066
4756,64815489685
1971,3079954123
453,830471072551
1388,87823282576
3562,45441035807
744,822184266644
-9246,39984921599
2015,89406418132
19609,4396785936
5495,30791477752
-4199,09569808101
72201,48087282
143,783926307586
-807,08302773446
-142115,679504095
454735,243821454
-378,383912924494
1045,54634577227
1279,18852748472
207,046788033633
1213,82803730609
-254,46363159305
-3868,59895351706
940,389885211449
-7051,30869355421
39157,6355424635
-1601,99000944795
-24340828,3646204
-1314,1979205514
914,748802698039
5369,73900687201
3803,14796935326
510,92324757689
-2490,36607978258
5825,23211103558
-2674,97063183205
-3522,2711950216
-12895,5013364492
8446,76077962587
-3745,24355072275
-6297,37261096338
79532,2510131837
-606,716721007055
-745,763314603919
174968,212871103
109925,437940205
-583,821056326882
898,532297685604
497,055203381835
39,7517740050849
4442,84367009838
-199,311990818843
-6178,52091284213
303,743446166103
-9968,2354211473
28929,109436211
870,429983146032
2001290,48195162
-654,783871595671
938,267405022741
5025,42176615603
1718,46833713724
201,613478233392
-267,970061309013
-1335,06452027175
-42,1811168774616
-2816,96258579242
-15621,0555008237
9257,46356143665
1159,42129294776
-5072,02032487413
55317,6791471473
65,5841919383881
-967,498594108952
-7791,33289037186
227186,240333001
-312,614181186003
1120,24869580245
506,534721816672
149,654835424154
1169,88229748692
3,4336473943408
-2518,79331952803
711,817292813193
26244,2884164848
-282,669592852045
-337,786490588582
2354733,50136043
-495,138171211581
107,956387662257
4082,83763161687
1945,73371773981
310,991563935402
-242,022169176895
-286,071053449244
17,4586218313036
-12534,8554690664
-14992,0341385979
12634,5678703819
4140,03231596567
-3523,47862081363
28453,3364290507
131,560107156479
-1986,07657719634
-24667,3812812663
49920,996933367
-97,6519562691385
1628,70091856553
63,9886625451331
189,588643639559
1325,49065622234
-86,3529476080863
-2755,08069138168
824,71954476963
17768,8293260173
98496,4700750857
-192,474549670946
1970011,26509121
45,5463452711159
254,755055273366
-5194,6070172946
1243,5871580379
374,215921174265
-702,095376032054
2742,78556136597
103,411464549382
34410,9438850089
-21966,1960562718
9332,39563496622
876,004310990908
-8816,30570396206
30022,2738692325
78,8280182246928
-1247,56296690721
96475,0074156586
217135,770274745
-567,604742642829
692,536432108015
352,996932638324
32,9566714439111
851,374780760005
37,7711805204779
2687,73161903042
723,066107572697
91588,8842106934
16253,6373866226
168,679767696893
1017710,97036338
-448,241494202578
660,653409329774
7676,49134885891
1681,99857640624
500,505741144264
1522,3989219771
-5837,38864702829
80,6154680651346
-5444,97036253192
-16436,5661412291
-3295,2942932389
1271,50092606981
-7605,83916881665
-17243,8461382435
137,435551140177
-890,83544526297
8499,36709481838
168586,667292574
-278,038420220725
2042,00708041762
382,514969238118
235,937865467484
-1070,39885472949
516,788968768701
-4666,93411295697
183,129241266146
-132465,758589857
-2815,08846181877
-1059,99291391434
1952884,21128774
-554,584589823673
569,188886213685
5936,73811339159
-214,169712383149
577,91119762067
1035,43068808657
-3148,71189131153
4181,97666320692
-10507,6228870075
-7284,90403885125
12480,9396437574
3045,0873515319
-7329,69465377377
51649,8856646488
89,1290266632251
-496,926287037531
-93257,6917361272
278462,92383186
-553,170374350351
1145,76827693498
-25,3392801789291
266,937641397353
-767,015110583599
99,5883775325312
-11415,4099828772
829,630654461725
-105651,362211791
-9203,6616496379
307,914786775235
1828409,78629147
-366,516599947231
1162,29598183451
3272,56989028671
2527,54916401718
-137,772682502809
-464,80499168048
1985,60858268498
-74,5163927297781
-17417,7701330081
-26019,3439831139
12052,6801735089
8232,67322485709
-6584,17610175602
92497,4758864646
-1970,9544168498
-54,8553998194783
-52101,2731334899
248360,42585046
-233,151237061312
2685,95205929451
50,7276343880773
99,785104784634
4369,82387627836
-40,7719820474155
-3367,83029869382
624,526787245915
74987,4214917676
-1362,8651741924
90,2903413474414
-2140559,18040338
-491,05618814824
796,573577611475
1461,29302538381
2008,55940918618
-159,883901357737
-5366,91643849818
2987,45554172054
-84,8533865563881
611,193568677885
-21640,4669739259
9074,24219090615
288,512659443021
1990,3558902772
-13824,6816972487
93,2177514604283
-807,988937910374
-6271,92250274491
294708,354158842
-628,707391481164
140,871902135473
-2942,88793736061
-141,010637895022
1486,7828683127
59,9294089869124
-3793,91425852479
629,182385333537
-43175,0036615312
9356,07514042924
-395,51420294549
255530,917422521
-733,592865296699
1361,55405975733
4715,1323016677
3592,84715338713
208,457240136464
-3749,99625895519
-3035,74430861011
341,031540824143
-2745,6839611592
-10772,2319035515
12674,5846795031
-15839,5508711439
-4736,056196887
53887,687045587
-446,866189350832
-1543,35501565754
9281,73448176299
212492,608492406
-528,558842104867
1497,98870736529
323,395966481993
164,838452706531
310,111862110634
221,958205320258
-2053,41528575079
462,005722834919
-46914,4705035774
-177536,602043048
-731,766130530693
-78781,5142628689
533,473168309539
779,152761134903
8237,33635961887
1706,78890945051
483,516522344979
1443,5406943743
-2055,71980906696
283,507253204397
-3903,05868052933
-17418,0903435996
1914,6613038979
776,809092841087
-3793,29375361703
9064,38780544295
148,608718661922
-1202,84737664023
-18935,5264131078
33290,8448643371
-701,276543596912
961,924399926591
691,894269709036
51,9365496412446
1328,65808849
129,165643538465
188,102942517063
1162,889352158
37016,9282617124
-139,325039685406
263,177106940341
